Portugal;1,24;1,23;1,22;2,22;1,21;2,21
Espagne;2,20;3,20;3,21;4,21;5,21;3,22;4,22;5,22;2,23;3,23;4,23;5,23;2,24;3,24;4,24;5,24;2,25;3,25;4,25;5,25;6,25;3,26;4,26;5,26;6,24
Catalogne;6,21;6,22;7,22;6,23;7,23;8,23;9,23
France Est;11,19;12,19;13,19;11,18;12,18;13,18;11,17
France du Sud;8,22;9,22;10,22;11,22;12,22;7,21;8,21;9,21;10,21;11,21;12,21;7,20;8,20;9,20;10,20;11,20;12,20
France Ouest;8,19;9,19;10,19;8,18;9,18;10,18;6,17;7,17;8,17;9,17;10,17;
Belgique;12,17;12,16
Pays-bas;13,16;13,15
Allemagne Ouest;15,14;16,14;14,15;15,15;16,15;17,15;18,15;14,16;15,16
Allemagne Est;16,16;17,16;18,16;13,17;14,17;15,17;16,17;17,17;14,18;15,18;16,18;17,18;14,19;15,19;16,19;17,19;18,17
Angleterre;9,13;11,13;9,14;10,14;7,15;8,15;9,15;10,15
Ecosse;8,10;9,10;8,11;9,11;8,12;9,12
Pays de Galles;8,14
Irlande Nord;7,12
Irlande;5,12;6,12;5,13;6,13;5,14;6,14
Suisse;13,20;14,20
Danemark;15,12;16,12;15,13;16,13;17,13
Rep Techque;18,18;19,18;20,18
Croatie;19,21;20,21;18,22;19,23
Slovenie;18,21
Bosnie;19,22;20,22;20,23
Kosovo;22,23;22,24
Albanie;22,25
Macedoine;23,24
Serbie;21,21;21,22;21,23;22,21;22,22
Italie du Sud;18,25;19,25;20,25;19,26;19,27
Sicile;16,27;17,27;17,28
Italie du Nord;13,22;13,21;14,21;15,21;16,21;17,21
Italie Centre;17,24;18,24;16,24;17,23;16,23;15,23;15,22;16,22
Autriche;15,20;16,20;17,20;18,20;19,20;18,19;19,19
Hongrie;20,20;21,20;22,20
Slovaquie;20,19;21,19;22,19
Grece;23,25;24,25;22,26;23,26;24,26;23,27;24,27;23,28;24,28
Turquie;26,24;27,24;28,24;29,24;26,25;27,25;28,25;29,25;27,26;28,26;29,26;27,27;28,27;29,27
Bulgarie;24,24;25,24;23,23;24,23;25,23;26,23
Roumanie;23,22;24,22;25,22;26,22;27,22;23,21;24,21;25,21;26,21;27,21;23,20;24,20;25,20;26,20;27,20
Ukraine;23,19;24,19;25,19;26,19;27,19;28,19;29,19;24,18;25,18;26,18;27,18;28,18;29,18;24,17;25,17;26,17;27,17;28,17;29,17;28,16;29,16
Pologne;21,18;22,18;23,18;19,17;20,17;21,17;22,17;23,17;19,16;20,16;21,16;22,16;23,16;19,15;20,15;21,15;22,15;23,15
Russie2;22,14
Bielorussie;24,16;25,16;26,16;27,16;24,15;25,15;26,15;27,15;25,14;26,14;27,14;25,13;26,13
Lituanie;23,14;24,14;22,13;23,13;24,13
Lettonie;22,12;23,12;24,12;25,12
Estonie;23,11;24,11
Finlande du Sud;23,7;24,7;25,7;22,8;23,8;24,8;25,8;22,9;23,9;24,9;25,9
Finlande du Nord;23,6;24,6;25,6;23,5;24,5;23,4;24,4;23,3;24,3
Suede du Sud;18,13;19,13;18,12;19,12;17,11;18,11;19,11;18,10;19,10;20,10
Suede du Nord;18,9;19,9;18,8;19,8;19,7;20,7;21,7;19,6;20,6;21,6;20,5;21,5;22,5;21,4;22,4
Norvege du Nord;15,10;16,10;17,10;15,9;16,9;17,9;15,8;16,8;17,8
Norvege du Nord;17,7;18,7;18,6;18,5;19,5;19,4;20,4;20,3;21,3;22,3;22,2;23,2;24,2
Russie du Nord;25,3;26,3;27,3;28,3;25,4;26,4;27,4;28,4;25,5;26,5;26,6;29,6;29,5;26,7;27,7;28,7;29,7;26,8;27,8;28,8;29,8;26,9;27,9;28,9;29,9;26,10;27,10;28,10;29,10;25,10
Russie du Sud;25,11;26,11;27,11;28,11;29,11;26,12;27,12;28,12;29,12;27,13;28,13;29,13;28,14;29,14;28,15;29,15